              precision    recall  f1-score   support

           0      0.994     0.998     0.996       529
           1      0.993     0.995     0.994       582
           2      0.987     0.996     0.992       537
           3      0.996     0.998     0.997       480
           4      0.992     0.998     0.995       481
           5      0.995     0.995     0.995       443
           6      0.998     0.992     0.995       498
           7      0.988     0.990     0.989       497
           8      1.000     0.987     0.994       466
           9      0.998     0.990     0.994       487

    accuracy                          0.994      5000
   macro avg      0.994     0.994     0.994      5000
weighted avg      0.994     0.994     0.994      5000
